Log Likelihood: -8061.227729489873
AIC: 16484.455458979748
BIC: 17649.48615570371
