Log Likelihood: 14597.067030466918
AIC: -28512.134060933837
BIC: -26317.24197484062
